x = [200 201 202 203 204 205 206 207 208 209 210 211 212 213 214 215 216 217 218 219 220 221 222 223 224 225 226 227 228 229 230 231 232 233 234 235 236 237 238 239 240 241 242 243 244 245 246 247 248 249 250 251 252 253 254 255 256 257 258 259 260 261 262 263 264 265 266 267 268 269 270 271 272 273 274 275 276 277 278 279 280 281 282 283 284 285 286 287 288 289 290 291 292 293 294 295 296 297 298 299 300 301 302 303 304 305 306 307 308 309 310 311 312 313 314 315 316 317 318 319 320 321 322 323 324 325 326 327 328 329 330 331 332 333 334 335 336 337 338 339 340 341 342 343 344 345 346 347 348 349 350 351 352 353 354 355 356 357 358 359 360 361 362 363 364 365 366 367 368 369 370 371 372 373 374 375 376 377 378 379 380 381 382 383 384 385 386 387 388 389 390 391 392 393 394 395 396 397 398 399 400 401 402 403 404 405 406 407 408 409 410 411 412 413 414 415 416 417 418 419 420 421 422 423 424 425 426 427 428 429 430 431 432 433 434 435 436 437 438 439 440 441 442 443 444 445 446 447 448 449 450 451 452 453 454 455 456 457 458 459 460 461 462 463 464 465 466 467 468 469 470 471 472 473 474 475 476 477 478 479 480 481 482 483 484 485 486 487 488 489 490 491 492 493 494 495 496 497 498 499 500 ];
y = [5.82957
 5.81169
 5.7792
 5.7407
 5.70066
 5.65981
 5.61233
 5.54624
 5.44671
 5.29561
 5.07698
 4.781
 4.40435
 3.95353
 3.43948
 2.87743
 2.28162
 1.66459
 1.03599
 0.402616
 -0.230245
 -0.856198
 -1.46783
 -2.05633
 -2.61378
 -3.13418
 -3.61781
 -4.0711
 -4.50558
 -4.93565
 -5.37407
 -5.82634
 -6.28953
 -6.74993
 -7.18602
 -7.57065
 -7.87663
 -8.08257
 -8.17507
 -8.1511
 -8.01774
 -7.78792
 -7.4778
 -7.1025
 -6.67359
 -6.19817
 -5.6786
 -5.11646
 -4.51192
 -3.86419
 -3.17096
 -2.42898
 -1.63079
 -0.768699
 0.164533
 1.17274
 2.25697
 3.40497
 4.59802
 5.80867
 7.00691
 8.16086
 9.24968
 10.2634
 11.205
 12.0911
 12.954
 13.8224
 14.7251
 15.6799
 16.6972
 17.7786
 18.9252
 20.1441
 21.4534
 22.8829
 24.4824
 26.3014
 28.3928
 30.7785
 33.4453
 36.3297
 39.3289
 42.3064
 45.1226
 47.643
 49.7408
 51.3034
 52.2296
 52.4303
 51.8482
 50.4776
 48.3812
 45.6895
 42.5903
 39.2983
 36.0025
 32.8598
 29.9743
 27.3973
 25.1401
 23.1845
 21.4972
 20.0359
 18.7645
 17.6543
 16.6795
 15.8217
 15.0651
 14.3951
 13.8008
 13.2701
 12.7955
 12.3664
 11.9748
 11.6154
 11.2832
 10.9761
 10.6929
 10.4325
 10.1935
 9.97395
 9.77167
 9.58493
 9.41093
 9.25054
 9.10508
 8.97555
 8.85958
 8.74866
 8.62779
 8.46522
 8.24668
 7.95627
 7.58742
 7.14249
 6.63123
 6.06717
 5.46471
 4.83805
 4.20613
 3.57223
 2.95088
 2.35477
 1.79433
 1.27409
 0.800277
 0.373163
 -0.0105951
 -0.357441
 -0.67662
 -0.984032
 -1.2915
 -1.60669
 -1.92969
 -2.25783
 -2.5808
 -2.88616
 -3.16295
 -3.40387
 -3.60444
 -3.77105
 -3.91484
 -4.04993
 -4.1899
 -4.34486
 -4.5215
 -4.72019
 -4.937
 -5.16455
 -5.39419
 -5.61748
 -5.82782
 -6.02029
 -6.19288
 -6.34567
 -6.4811
 -6.60288
 -6.71641
 -6.8271
 -6.94072
 -7.06064
 -7.1874
 -7.31871
 -7.44801
 -7.56623
 -7.6635
 -7.73059
 -7.76122
 -7.75263
 -7.70586
 -7.62412
 -7.511
 -7.36901
 -7.19704
 -6.99045
 -6.74103
 -6.43914
 -6.07635
 -5.64802
 -5.15657
 -4.61195
 -4.03203
 -3.44116
 -2.86633
 -2.33306
 -1.86182
 -1.46583
 -1.15061
 -0.916238
 -0.762087
 -0.687973
 -0.698647
 -0.802722
 -1.01078
 -1.3284
 -1.75432
 -2.27592
 -2.86976
 -3.50602
 -4.15337
 -4.78457
 -5.38222
 -5.94063
 -6.46663
 -6.97474
 -7.48366
 -8.01066
 -8.56686
 -9.15442
 -9.76576
 -10.3852
 -10.9907
 -11.5575
 -12.0618
 -12.4841
 -12.8133
 -13.0498
 -13.206
 -13.3055
 -13.3766
 -13.4482
 -13.5423
 -13.6705
 -13.8342
 -14.0253
 -14.2303
 -14.4343
 -14.6243
 -14.7905
 -14.9269
 -15.0301
 -15.0995
 -15.1347
 -15.1361
 -15.1034
 -15.0352
 -14.9283
 -14.7771
 -14.5756
 -14.3162
 -13.9936
 -13.6079
 -13.1648
 -12.6773
 -12.1629
 -11.64
 -11.1229
 -10.6185
 -10.1253
 -9.6336
 -9.12904
 -8.59768
 -8.03338
 -7.43834
 -6.8271
 -6.22005
 -5.63991
 -5.10545
 -4.62605
 -4.20002
 -3.81247
 -3.44019
 -3.05791
 -2.6445
 -2.19487
 -1.71833
 -1.24118
 -0.803801
 -0.451822
 -0.234272
 -0.191135
 -0.353747
 -0.749235
 -1.40368
 -2.37211
 -3.77499
 -5.89447
 -9.44456
 -16.6175
 -37.2042
 ];
y1 = [4.63808
 4.65107
 4.66406
 4.67706
 4.69005
 4.70304
 4.71604
 4.72903
 4.74202
 4.75501
 4.76801
 4.781
 4.25383
 3.72666
 3.1995
 2.67233
 2.14516
 1.61799
 1.09082
 0.563655
 0.0364871
 -0.490681
 -1.01785
 -1.54502
 -2.07219
 -2.59935
 -3.12652
 -3.65369
 -4.18086
 -4.70803
 -5.23519
 -5.76236
 -6.28953
 -6.02663
 -5.76374
 -5.50084
 -5.23794
 -4.97505
 -4.71215
 -4.44925
 -4.18636
 -3.92346
 -3.66056
 -3.39767
 -3.13477
 -2.87187
 -2.60898
 -2.34608
 -2.08318
 -1.82029
 -1.55739
 -1.29449
 -1.0316
 -0.768699
 0.289496
 1.34769
 2.40589
 3.46408
 4.52228
 5.58047
 6.63867
 7.69686
 8.75506
 9.81325
 10.8714
 11.9296
 12.9878
 14.046
 15.1042
 16.1624
 17.2206
 18.2788
 19.337
 20.3952
 21.4534
 22.3032
 23.1529
 24.0027
 24.8524
 25.7022
 26.5519
 27.4017
 28.2515
 29.1012
 29.951
 30.8007
 31.6505
 32.5002
 33.35
 34.1998
 35.0495
 35.8993
 36.749
 37.5988
 38.4485
 39.2983
 37.9642
 36.6302
 35.2961
 33.9621
 32.628
 31.294
 29.9599
 28.6259
 27.2918
 25.9578
 24.6237
 23.2897
 21.9556
 20.6216
 19.2875
 17.9535
 16.6194
 15.2854
 13.9513
 12.6173
 11.2832
 11.0348
 10.7864
 10.5381
 10.2897
 10.0413
 9.79291
 9.54452
 9.29614
 9.04776
 8.79938
 8.55099
 8.30261
 8.05423
 7.80585
 7.55746
 7.30908
 7.0607
 6.81232
 6.56393
 6.31555
 6.06717
 5.62764
 5.18811
 4.74858
 4.30905
 3.86952
 3.42999
 2.99046
 2.55093
 2.1114
 1.67187
 1.23235
 0.792816
 0.353286
 -0.0862433
 -0.525773
 -0.965302
 -1.40483
 -1.84436
 -2.28389
 -2.72342
 -3.16295
 -3.33743
 -3.51192
 -3.6864
 -3.86088
 -4.03537
 -4.20985
 -4.38433
 -4.55882
 -4.7333
 -4.90778
 -5.08227
 -5.25675
 -5.43123
 -5.60572
 -5.7802
 -5.95468
 -6.12917
 -6.30365
 -6.47813
 -6.65262
 -6.8271
 -6.74755
 -6.668
 -6.58845
 -6.5089
 -6.42935
 -6.34981
 -6.27026
 -6.19071
 -6.11116
 -6.03161
 -5.95206
 -5.87251
 -5.79296
 -5.71341
 -5.63386
 -5.55432
 -5.47477
 -5.39522
 -5.31567
 -5.23612
 -5.15657
 -5.13886
 -5.12114
 -5.10343
 -5.08571
 -5.068
 -5.05028
 -5.03257
 -5.01486
 -4.99714
 -4.97943
 -4.96171
 -4.944
 -4.92628
 -4.90857
 -4.89086
 -4.87314
 -4.85543
 -4.83771
 -4.82
 -4.80228
 -4.78457
 -5.2016
 -5.61864
 -6.03567
 -6.45271
 -6.86974
 -7.28678
 -7.70381
 -8.12085
 -8.53788
 -8.95492
 -9.37195
 -9.78899
 -10.206
 -10.6231
 -11.0401
 -11.4571
 -11.8742
 -12.2912
 -12.7082
 -13.1253
 -13.5423
 -13.5243
 -13.5063
 -13.4884
 -13.4704
 -13.4524
 -13.4344
 -13.4165
 -13.3985
 -13.3805
 -13.3625
 -13.3446
 -13.3266
 -13.3086
 -13.2906
 -13.2727
 -13.2547
 -13.2367
 -13.2187
 -13.2008
 -13.1828
 -13.1648
 -12.6638
 -12.1629
 -11.6619
 -11.1609
 -10.66
 -10.159
 -9.65803
 -9.15707
 -8.6561
 -8.15513
 -7.65417
 -7.1532
 -6.65223
 -6.15127
 -5.6503
 -5.14933
 -4.64837
 -4.1474
 -3.64643
 -3.14547
 -2.6445
 -10.4341
 -18.2238
 -26.0134
 -33.8031
 -41.5927
 -49.3824
 -57.172
 -64.9616
 -72.7513
 -80.5409
 -88.3306
 -96.1202
 -103.91
 -111.7
 -119.489
 -127.279
 ];
