x = [200 201 202 203 204 205 206 207 208 209 210 211 212 213 214 215 216 217 218 219 220 221 222 223 224 225 226 227 228 229 230 231 232 233 234 235 236 237 238 239 240 241 242 243 244 245 246 247 248 249 250 251 252 253 254 255 256 257 258 259 260 261 262 263 264 265 266 267 268 269 270 271 272 273 274 275 276 277 278 279 280 281 282 283 284 285 286 287 288 289 290 291 292 293 294 295 296 297 298 299 300 301 302 303 304 305 306 307 308 309 310 311 312 313 314 315 316 317 318 319 320 321 322 323 324 325 326 327 328 329 330 331 332 333 334 335 336 337 338 339 340 341 342 343 344 345 346 347 348 349 350 351 352 353 354 355 356 357 358 359 360 361 362 363 364 365 366 367 368 369 370 371 372 373 374 375 376 377 378 379 380 381 382 383 384 385 386 387 388 389 390 391 392 393 394 395 396 397 398 399 400 401 402 403 404 405 406 407 408 409 410 411 412 413 414 415 416 417 418 419 420 421 422 423 424 425 426 427 428 429 430 431 432 433 434 435 436 437 438 439 440 441 442 443 444 445 446 447 448 449 450 451 452 453 454 455 456 457 458 459 460 461 462 463 464 465 466 467 468 469 470 471 472 473 474 475 476 477 478 479 480 481 482 483 484 485 486 487 488 489 490 491 492 493 494 495 496 497 498 499 500 ];
y = [5.82957
 5.81169
 5.7792
 5.7407
 5.70066
 5.65981
 5.61233
 5.54624
 5.44671
 5.29561
 5.07698
 4.781
 4.40435
 3.95353
 3.43948
 2.87743
 2.28162
 1.66459
 1.03599
 0.402616
 -0.230245
 -0.856198
 -1.46783
 -2.05633
 -2.61378
 -3.13418
 -3.61781
 -4.0711
 -4.50558
 -4.93565
 -5.37407
 -5.82634
 -6.28953
 -6.74993
 -7.18602
 -7.57065
 -7.87663
 -8.08257
 -8.17507
 -8.1511
 -8.01774
 -7.78792
 -7.4778
 -7.1025
 -6.67359
 -6.19817
 -5.6786
 -5.11646
 -4.51192
 -3.86419
 -3.17096
 -2.42898
 -1.63079
 -0.768699
 0.164533
 1.17274
 2.25697
 3.40497
 4.59802
 5.80867
 7.00691
 8.16086
 9.24968
 10.2634
 11.205
 12.0911
 12.954
 13.8224
 14.7251
 15.6799
 16.6972
 17.7786
 18.9252
 20.1441
 21.4534
 22.8829
 24.4824
 26.3014
 28.3928
 30.7785
 33.4453
 36.3297
 39.3289
 42.3064
 45.1226
 47.643
 49.7408
 51.3034
 52.2296
 52.4303
 51.8482
 50.4776
 48.3812
 45.6895
 42.5903
 39.2983
 36.0025
 32.8598
 29.9743
 27.3973
 25.1401
 23.1845
 21.4972
 20.0359
 18.7645
 17.6543
 16.6795
 15.8217
 15.0651
 14.3951
 13.8008
 13.2701
 12.7955
 12.3664
 11.9748
 11.6154
 11.2832
 10.9761
 10.6929
 10.4325
 10.1935
 9.97395
 9.77167
 9.58493
 9.41093
 9.25054
 9.10508
 8.97555
 8.85958
 8.74866
 8.62779
 8.46522
 8.24668
 7.95627
 7.58742
 7.14249
 6.63123
 6.06717
 5.46471
 4.83805
 4.20613
 3.57223
 2.95088
 2.35477
 1.79433
 1.27409
 0.800277
 0.373163
 -0.0105951
 -0.357441
 -0.67662
 -0.984032
 -1.2915
 -1.60669
 -1.92969
 -2.25783
 -2.5808
 -2.88616
 -3.16295
 -3.40387
 -3.60444
 -3.77105
 -3.91484
 -4.04993
 -4.1899
 -4.34486
 -4.5215
 -4.72019
 -4.937
 -5.16455
 -5.39419
 -5.61748
 -5.82782
 -6.02029
 -6.19288
 -6.34567
 -6.4811
 -6.60288
 -6.71641
 -6.8271
 -6.94072
 -7.06064
 -7.1874
 -7.31871
 -7.44801
 -7.56623
 -7.6635
 -7.73059
 -7.76122
 -7.75263
 -7.70586
 -7.62412
 -7.511
 -7.36901
 -7.19704
 -6.99045
 -6.74103
 -6.43914
 -6.07635
 -5.64802
 -5.15657
 -4.61195
 -4.03203
 -3.44116
 -2.86633
 -2.33306
 -1.86182
 -1.46583
 -1.15061
 -0.916238
 -0.762087
 -0.687973
 -0.698647
 -0.802722
 -1.01078
 -1.3284
 -1.75432
 -2.27592
 -2.86976
 -3.50602
 -4.15337
 -4.78457
 -5.38222
 -5.94063
 -6.46663
 -6.97474
 -7.48366
 -8.01066
 -8.56686
 -9.15442
 -9.76576
 -10.3852
 -10.9907
 -11.5575
 -12.0618
 -12.4841
 -12.8133
 -13.0498
 -13.206
 -13.3055
 -13.3766
 -13.4482
 -13.5423
 -13.6705
 -13.8342
 -14.0253
 -14.2303
 -14.4343
 -14.6243
 -14.7905
 -14.9269
 -15.0301
 -15.0995
 -15.1347
 -15.1361
 -15.1034
 -15.0352
 -14.9283
 -14.7771
 -14.5756
 -14.3162
 -13.9936
 -13.6079
 -13.1648
 -12.6773
 -12.1629
 -11.64
 -11.1229
 -10.6185
 -10.1253
 -9.6336
 -9.12904
 -8.59768
 -8.03338
 -7.43834
 -6.8271
 -6.22005
 -5.63991
 -5.10545
 -4.62605
 -4.20002
 -3.81247
 -3.44019
 -3.05791
 -2.6445
 -2.19487
 -1.71833
 -1.24118
 -0.803801
 -0.451822
 -0.234272
 -0.191135
 -0.353747
 -0.749235
 -1.40368
 -2.37211
 -3.77499
 -5.89447
 -9.44456
 -16.6175
 -37.2042
 ];
y1 = [4.55759
 4.52738
 4.5002
 4.47842
 4.46438
 4.46045
 4.46897
 4.49232
 4.53283
 4.59288
 4.67482
 4.781
 4.55828
 4.39484
 4.27652
 4.18915
 4.11857
 4.05059
 3.97107
 3.86582
 3.72068
 3.52148
 3.25406
 2.90424
 2.45786
 1.90076
 1.21875
 0.397682
 -0.576622
 -1.71833
 -3.0416
 -4.56061
 -6.28953
 -6.40279
 -6.47832
 -6.51613
 -6.51625
 -6.47868
 -6.40346
 -6.2906
 -6.14011
 -5.95202
 -5.72635
 -5.46311
 -5.16232
 -4.82401
 -4.44818
 -4.03487
 -3.58408
 -3.09583
 -2.57016
 -2.00706
 -1.40657
 -0.768699
 -0.197122
 0.2181
 0.509336
 0.708959
 0.849339
 0.962848
 1.08186
 1.23874
 1.46586
 1.7956
 2.26032
 2.8924
 3.72421
 4.78811
 6.11649
 7.7417
 9.69613
 12.0121
 14.7221
 17.8584
 21.4534
 22.2773
 22.8662
 23.2576
 23.489
 23.5979
 23.6218
 23.5983
 23.5648
 23.559
 23.6182
 23.7801
 24.0822
 24.5619
 25.2568
 26.2044
 27.4423
 29.0079
 30.9388
 33.2725
 36.0465
 39.2983
 39.0866
 38.9194
 38.7719
 38.6193
 38.437
 38.2001
 37.884
 37.4639
 36.9151
 36.2128
 35.3323
 34.2489
 32.9378
 31.3742
 29.5335
 27.3908
 24.9216
 22.1009
 18.9041
 15.3065
 11.2832
 10.6009
 10.1197
 9.81474
 9.66113
 9.63395
 9.70829
 9.85923
 10.0619
 10.2913
 10.5226
 10.7309
 10.8912
 10.9787
 10.9685
 10.8356
 10.5551
 10.1021
 9.45173
 8.57905
 7.45917
 6.06717
 5.76979
 5.55535
 5.4085
 5.31391
 5.25623
 5.22013
 5.19027
 5.15131
 5.0879
 4.98471
 4.8264
 4.59763
 4.28307
 3.86736
 3.33518
 2.67118
 1.86002
 0.886372
 -0.265114
 -1.60978
 -3.16295
 -3.42789
 -3.61583
 -3.73752
 -3.80368
 -3.82503
 -3.8123
 -3.77622
 -3.72753
 -3.67694
 -3.63518
 -3.61299
 -3.62108
 -3.6702
 -3.77106
 -3.93439
 -4.17093
 -4.49139
 -4.90651
 -5.42702
 -6.06364
 -6.8271
 -6.86782
 -6.89519
 -6.90941
 -6.91071
 -6.89927
 -6.87532
 -6.83907
 -6.79071
 -6.73047
 -6.65856
 -6.57517
 -6.48052
 -6.37483
 -6.25829
 -6.13112
 -5.99353
 -5.84573
 -5.68792
 -5.52032
 -5.34313
 -5.15657
 -5.11462
 -5.08501
 -5.06616
 -5.05652
 -5.05451
 -5.05857
 -5.06714
 -5.07866
 -5.09156
 -5.10427
 -5.11524
 -5.12289
 -5.12566
 -5.122
 -5.11032
 -5.08908
 -5.05671
 -5.01163
 -4.95229
 -4.87713
 -4.78457
 -4.95756
 -5.08461
 -5.17683
 -5.24532
 -5.30119
 -5.35555
 -5.41951
 -5.50417
 -5.62064
 -5.78003
 -5.99344
 -6.27198
 -6.62675
 -7.06887
 -7.60944
 -8.25957
 -9.03036
 -9.93292
 -10.9784
 -12.1778
 -13.5423
 -13.7142
 -13.8343
 -13.9077
 -13.9397
 -13.9354
 -13.9
 -13.8387
 -13.7567
 -13.6592
 -13.5513
 -13.4383
 -13.3253
 -13.2175
 -13.1201
 -13.0382
 -12.9772
 -12.9421
 -12.9381
 -12.9704
 -13.0443
 -13.1648
 -12.9401
 -12.7756
 -12.6575
 -12.572
 -12.505
 -12.4428
 -12.3715
 -12.2772
 -12.146
 -11.9641
 -11.7175
 -11.3925
 -10.975
 -10.4513
 -9.80745
 -9.0296
 -8.10386
 -7.01635
 -5.75321
 -4.30055
 -2.6445
 -5.80241
 -8.12423
 -9.8151
 -11.0802
 -12.1246
 -13.1535
 -14.3721
 -15.9854
 -18.1987
 -21.2171
 -25.2457
 -30.4897
 -37.1542
 -45.4444
 -55.5654
 -67.7224
 ];
